19 19 19 19 19 19 19 19 19 19 19 19 19 19 19 19 19 19 19 19 19 19 19 19 19 19 19 19 19 19 19 19 19 19 19 19 19 19 19 19 19 19 19 19 19 19 19 19 19 19 19 19 19 19 19 19 19 19 19 19 19 19 19 19 19 19 19 19 19 19 19 19 19 19 19 19 19 19 19 19 19 19 19 19 19 19 19 19 19 19 19 19 19 19 19 19 19 19 19 19 
19 19 19 19 19 19 19 19 19 19 19 19 19 19 19 19 19 19 19 19 19 19 19 19 19 19 19 19 19 19 19 19 19 19 19 19 19 19 19 19 19 19 19 19 19 19 19 19 19 19 19 19 19 19 19 19 19 19 19 19 19 19 19 19 19 19 19 19 19 19 19 19 19 19 19 19 19 19 19 19 19 19 19 19 19 19 19 19 19 19 19 19 19 19 19 19 19 19 19 19 
19 19 19 19 19 19 19 19 19 19 19 19 19 19 19 19 19 19 19 19 19 19 19 19 19 19 19 19 19 19 19 19 19 19 19 19 19 19 19 19 19 19 19 19 19 19 19 19 19 19 19 19 19 19 19 19 19 19 19 19 19 19 19 19 19 19 19 19 19 19 19 19 19 19 19 19 19 19 19 19 19 19 19 19 19 19 19 19 19 19 19 19 19 19 19 19 19 19 19 19 
19 19 19 19 19 19 19 19 19 19 19 19 19 19 19 19 19 19 19 19 19 19 19 19 19 19 19 19 19 19 19 19 19 19 19 19 19 19 19 19 19 19 19 19 19 19 19 19 19 19 19 19 19 19 19 19 19 19 19 19 19 19 19 19 19 19 19 19 19 19 19 19 19 19 19 19 19 19 19 19 19 19 19 19 19 19 19 19 19 19 19 19 19 19 19 19 19 19 19 19 
19 19 19 19 19 19 19 19 19 19 19 19 19 19 19 19 19 19 19 19 19 19 19 19 19 19 19 19 19 19 19 19 19 19 19 19 19 19 19 19 19 19 19 19 19 19 19 19 19 19 19 19 19 19 19 19 19 19 19 19 19 19 19 19 19 19 19 19 19 19 19 19 19 19 19 19 19 19 19 19 19 19 19 19 19 19 19 19 19 19 19 19 19 19 19 19 19 19 19 19 
19 19 19 19 19 19 19 19 19 19 19 19 19 19 19 19 19 19 19 19 19 19 19 19 19 19 19 19 19 19 19 19 19 19 19 19 19 19 19 19 19 19 19 19 19 19 19 19 19 19 19 19 19 19 19 19 21 30 30 30 22 19 19 19 19 19 19 19 19 19 19 19 19 19 19 19 19 19 19 19 19 19 19 19 19 19 19 19 19 19 19 19 19 19 19 19 19 19 19 19 
19 19 19 19 19 19 19 19 19 19 19 19 21 30 30 30 30 30 30 30 30 30 22 19 19 19 19 19 19 19 19 19 19 19 19 19 19 19 19 19 19 19 19 19 19 19 19 19 19 19 19 19 19 21 30 30 29 0 0 1 31 30 30 30 30 30 30 22 19 19 19 19 19 19 19 19 19 19 21 30 30 30 30 30 30 30 30 22 19 19 19 19 19 19 19 19 19 19 19 19 
19 19 19 19 19 19 19 19 19 19 21 30 29 16 16 16 16 16 16 16 16 1 32 19 19 19 19 19 19 19 19 19 19 19 19 19 19 19 19 19 19 19 19 19 19 19 19 19 19 19 19 21 30 29 0 0 0 0 3 0 33 33 33 33 0 0 16 31 22 19 19 19 19 19 19 19 21 30 29 16 16 16 16 16 16 16 16 31 30 22 19 19 19 19 19 19 19 19 19 19 
19 19 19 19 19 19 19 19 19 21 29 16 16 16 16 3 3 3 3 3 16 16 31 30 30 30 30 30 30 30 22 19 19 19 19 19 19 19 19 19 19 19 19 19 19 21 30 30 30 30 30 29 0 0 0 0 0 0 0 0 25 26 26 27 0 0 0 16 31 30 30 30 30 30 30 30 29 16 16 16 16 16 16 16 16 16 16 16 16 31 22 19 19 19 19 19 19 19 19 19 
19 19 19 19 19 19 19 21 30 29 16 16 16 3 3 3 3 3 3 3 3 16 16 16 16 16 16 16 16 16 31 30 30 30 30 30 30 30 30 30 30 30 30 30 30 29 16 16 0 0 0 0 0 0 0 0 0 16 16 16 31 22 19 28 16 0 0 16 16 16 16 16 16 16 16 16 16 4 8 8 8 8 8 8 8 8 8 8 9 16 31 22 19 19 19 19 19 19 19 19 
19 19 19 19 19 19 21 29 16 16 3 3 3 3 3 16 16 16 16 3 3 3 16 16 16 16 16 16 0 0 16 16 16 16 16 16 16 16 16 16 16 0 0 0 0 0 1 0 0 0 0 0 16 16 16 16 0 16 16 16 16 32 19 24 27 16 0 4 8 8 8 8 8 8 8 8 8 15 6 12 12 12 12 12 12 7 3 3 10 16 16 31 30 22 19 19 19 19 19 19 
19 19 19 19 19 19 28 16 16 3 1 3 3 3 16 16 16 16 16 16 3 3 3 16 16 16 16 16 16 16 16 16 16 16 16 3 3 0 0 0 0 0 0 0 0 0 16 16 16 16 16 16 16 16 16 16 16 16 16 16 16 31 22 19 24 27 16 13 12 12 12 12 12 12 12 12 7 3 10 16 16 16 16 16 16 13 12 7 5 8 9 16 16 31 22 19 19 19 19 19 
19 19 19 19 19 19 28 16 16 3 3 3 3 16 16 16 16 0 0 16 16 3 3 16 0 16 16 16 0 16 16 16 16 3 3 3 3 0 0 16 16 16 16 16 16 16 16 16 16 16 16 16 16 16 2 16 16 16 16 16 16 16 31 22 19 24 27 16 16 16 16 16 16 16 16 16 14 3 5 9 16 16 16 16 16 16 16 13 12 7 5 9 16 16 32 19 19 19 19 19 
19 19 19 19 19 19 28 2 16 3 3 3 3 16 16 16 2 16 16 0 16 3 3 16 16 2 16 16 16 16 0 3 3 3 3 0 16 16 16 16 18 18 18 18 18 18 18 18 18 18 18 18 18 16 16 16 16 16 16 16 16 16 16 31 22 19 24 26 27 16 16 16 16 16 16 16 13 7 3 5 9 16 16 16 16 16 16 16 16 13 7 5 9 16 32 19 19 19 19 19 
19 19 19 19 19 19 28 16 3 3 3 16 16 16 16 16 16 16 16 16 3 3 3 3 0 16 16 0 16 3 3 3 3 16 16 16 16 16 16 16 18 33 33 33 33 33 18 0 0 0 0 0 18 16 16 16 16 16 16 16 16 16 16 16 32 19 19 19 24 27 16 16 16 16 16 16 16 13 7 3 5 9 16 16 16 16 16 16 16 16 14 3 10 16 32 19 19 19 19 19 
19 19 19 19 19 19 28 16 3 3 16 16 16 16 16 16 16 3 3 3 3 3 3 3 3 3 3 3 3 3 3 3 3 3 16 16 16 2 16 16 18 33 33 33 33 33 18 0 0 0 0 0 18 16 16 16 16 16 16 16 16 16 16 16 31 22 19 19 19 24 26 27 16 16 16 16 16 16 13 7 3 5 8 9 16 16 16 16 16 16 13 12 11 16 32 20 19 19 19 19 
19 19 19 19 19 19 28 16 3 3 16 16 16 16 16 16 3 3 3 3 3 3 3 3 3 3 3 3 3 3 3 3 3 3 3 0 16 16 16 16 18 33 33 33 33 33 33 0 0 0 0 0 0 17 17 16 16 16 16 16 16 16 16 16 16 31 22 19 19 19 19 24 27 16 16 16 16 16 16 13 12 7 3 5 9 16 16 16 16 18 18 18 18 18 32 20 19 19 19 19 
19 19 19 19 19 19 28 16 3 3 16 16 16 16 16 3 3 3 16 16 3 3 3 3 16 16 16 16 16 3 3 3 3 3 3 3 16 16 16 16 18 33 33 33 33 33 18 0 0 0 0 0 18 16 17 16 2 16 16 16 16 16 16 16 16 16 32 19 19 19 19 19 28 16 16 16 16 16 16 17 16 13 12 7 5 8 8 8 9 33 33 33 33 18 32 19 19 19 19 19 
19 19 19 19 19 19 28 16 3 3 16 0 16 16 16 3 3 16 16 16 16 3 3 16 16 16 0 16 16 16 16 16 16 16 3 3 3 3 16 16 18 33 33 33 33 33 18 0 0 0 0 0 18 16 17 16 16 16 16 16 16 16 16 16 16 16 32 19 19 19 19 19 24 27 16 16 16 16 16 17 16 16 16 13 12 12 12 12 11 18 33 33 33 18 32 19 19 19 19 19 
19 19 19 19 19 19 28 16 3 3 16 16 16 16 16 3 3 16 16 0 16 3 3 16 16 2 16 16 16 16 0 16 16 16 16 3 3 3 16 16 18 18 18 18 18 18 18 18 18 18 18 18 18 16 17 17 17 17 17 17 16 16 16 16 1 16 31 22 19 19 19 19 19 24 27 16 16 16 16 17 16 16 16 16 16 16 16 16 16 18 18 18 18 18 32 19 19 19 19 19 
19 19 19 19 19 19 28 16 3 3 3 3 16 1 16 3 3 16 16 16 16 3 3 16 16 16 16 16 16 16 0 16 0 16 16 16 3 3 3 16 16 16 16 16 16 16 16 16 16 16 16 16 16 16 17 16 16 16 16 17 17 17 17 16 16 16 16 31 22 19 19 19 19 19 24 26 27 16 16 17 17 17 4 9 16 16 16 16 16 16 16 16 16 16 32 19 19 19 19 19 
19 19 19 19 19 19 28 16 3 3 3 3 3 16 16 3 3 16 0 16 16 3 3 3 16 16 16 16 0 16 16 0 16 16 16 0 16 3 3 3 16 16 1 16 16 16 16 16 16 16 16 16 16 17 17 16 16 16 16 16 16 16 3 3 16 16 16 16 31 22 19 19 19 19 19 19 24 27 16 16 16 16 13 11 16 16 16 16 16 16 16 16 25 26 23 19 19 19 19 19 
19 19 19 19 19 19 28 16 16 16 16 3 3 16 0 3 3 16 16 16 16 16 3 3 3 3 16 16 16 16 16 16 16 16 16 16 16 16 3 3 3 0 16 16 16 0 0 16 16 16 16 16 16 0 17 16 16 16 16 2 16 16 16 3 3 16 16 16 16 31 30 22 19 19 19 19 19 24 26 27 16 16 16 16 16 16 16 16 25 26 26 26 23 19 19 19 19 19 19 19 
19 19 19 19 19 19 24 26 26 27 16 3 3 3 16 3 3 16 0 16 16 16 16 3 3 3 3 3 3 3 3 3 3 3 3 3 16 16 0 3 3 0 0 16 0 0 0 0 0 16 0 0 0 0 16 16 16 16 16 16 16 16 16 16 3 3 16 16 16 16 16 31 22 19 19 19 19 19 19 24 26 26 26 26 26 26 26 26 23 19 19 19 19 19 19 19 19 19 19 19 
19 19 19 19 19 19 19 19 19 28 16 16 3 3 16 3 3 16 16 16 16 16 16 16 16 3 3 3 3 3 3 3 3 3 3 3 16 16 0 3 3 3 0 0 2 0 0 0 0 0 0 0 0 0 0 0 0 0 16 16 16 16 16 16 16 3 3 16 16 16 16 16 31 30 30 30 22 19 19 19 19 19 19 19 19 19 19 19 19 19 19 19 19 19 19 19 19 19 19 19 
19 19 19 19 19 19 19 19 19 28 16 0 16 3 3 3 3 3 3 3 3 3 16 16 16 16 16 16 16 16 16 16 3 3 3 3 16 16 0 3 3 3 0 0 0 0 16 16 16 16 0 0 1 0 0 0 0 0 16 16 16 16 16 16 16 16 3 3 3 16 16 16 16 16 16 16 31 30 30 30 30 30 30 30 30 30 30 30 30 30 30 30 30 30 22 19 19 19 19 19 
19 19 19 19 19 19 19 19 19 24 27 2 16 3 3 3 3 3 3 3 3 3 3 16 16 16 16 16 3 3 16 16 3 3 3 3 16 16 0 3 3 3 0 0 16 16 16 16 16 16 0 0 0 0 16 16 0 0 16 16 16 16 16 16 16 16 16 16 3 3 3 3 16 16 16 16 16 16 16 16 16 16 18 16 16 16 16 16 16 16 16 16 16 16 32 19 19 19 19 19 
19 19 19 19 19 19 19 19 19 19 24 27 16 16 16 16 16 16 16 16 16 16 3 3 3 16 16 16 3 3 17 17 16 16 16 16 16 16 0 3 3 0 0 16 0 0 16 16 16 16 16 0 0 0 16 16 16 0 0 0 16 16 16 16 16 16 16 16 3 3 3 3 3 3 3 3 3 3 3 3 3 3 33 3 3 3 3 3 3 3 3 3 3 16 32 19 19 19 19 19 
19 19 19 19 19 19 19 19 19 19 19 24 26 26 26 26 26 26 26 26 27 16 16 3 3 3 3 16 16 16 16 17 17 17 17 17 17 16 0 0 0 0 0 16 16 16 0 16 16 0 16 0 1 0 16 16 16 0 2 0 16 16 16 16 16 16 16 16 16 16 16 3 3 3 3 3 3 3 3 3 3 3 18 3 3 3 3 3 3 3 3 3 3 16 32 19 19 19 19 19 
19 19 19 19 19 19 19 19 19 19 19 19 19 19 19 19 19 19 19 19 28 16 16 16 3 3 3 3 3 3 16 16 16 16 16 16 17 16 0 0 16 16 17 16 16 16 16 0 16 16 0 0 0 0 16 16 16 16 0 0 16 16 16 16 16 16 16 16 16 16 16 16 16 16 16 16 16 16 16 16 16 16 18 16 16 16 16 16 16 16 3 3 3 16 32 19 19 19 19 19 
19 19 19 19 19 19 19 19 19 21 30 30 22 19 19 19 19 19 19 19 24 27 16 16 16 16 3 3 3 3 3 3 3 3 3 16 0 0 0 16 16 16 17 17 17 16 16 16 16 16 16 16 0 0 0 16 16 0 0 0 16 16 2 16 16 16 16 16 16 16 16 25 26 26 26 26 26 26 26 26 26 26 26 26 26 26 26 26 27 16 16 3 3 16 32 19 19 19 19 19 
19 19 19 19 19 19 20 21 30 29 16 16 31 30 22 19 19 19 19 19 19 24 27 16 16 16 16 16 16 3 3 3 3 3 3 16 16 0 0 16 16 16 16 16 4 9 16 16 16 0 0 0 0 0 0 16 0 0 0 0 16 16 16 16 16 16 25 26 26 26 26 23 19 19 19 19 19 19 19 19 19 19 19 19 19 19 19 19 24 27 16 16 0 16 32 19 19 19 19 19 
19 19 19 19 19 19 21 29 16 16 16 16 16 16 32 19 19 19 21 30 30 22 24 26 26 26 26 27 16 16 16 3 3 3 3 16 0 0 16 0 0 16 16 16 13 11 16 16 0 0 0 0 0 0 0 0 0 0 0 0 16 16 16 25 26 26 23 19 19 19 19 19 19 19 19 19 19 19 19 19 19 19 19 19 19 19 19 19 19 24 27 16 0 16 32 19 19 19 19 19 
19 19 19 19 19 19 28 16 16 3 3 3 3 16 31 22 21 30 29 16 16 31 22 19 19 19 19 24 27 16 16 3 3 3 3 16 0 0 0 0 16 16 16 16 16 16 16 0 0 2 0 0 0 0 1 0 16 16 0 0 16 25 26 23 19 19 19 19 19 19 19 19 19 19 19 19 19 21 30 30 30 22 19 19 19 19 19 19 19 19 24 27 0 0 32 19 19 19 19 19 
19 19 19 19 19 19 28 16 16 3 3 3 3 16 16 31 29 16 16 16 16 16 31 30 30 30 22 19 24 27 16 16 16 16 16 16 0 0 0 16 0 16 16 16 16 0 16 0 0 0 0 0 16 16 16 16 16 16 0 0 16 32 19 19 19 19 19 19 19 19 19 19 19 21 30 30 30 29 18 16 16 31 22 19 19 19 19 19 19 19 19 28 0 0 32 19 19 19 19 19 
19 19 19 19 19 19 28 16 16 3 3 3 3 17 16 16 16 16 16 16 16 16 16 16 16 16 31 22 19 24 27 16 16 16 0 0 0 0 0 0 0 0 0 0 0 16 0 0 0 0 0 16 16 16 16 16 16 16 16 0 16 32 19 19 19 19 19 19 19 19 19 19 21 29 16 16 16 16 18 4 8 9 31 22 19 19 19 19 21 30 30 29 1 0 32 19 19 19 19 19 
19 19 19 19 19 19 28 16 16 16 16 16 16 17 18 18 18 18 18 18 18 16 16 16 16 16 16 31 22 19 24 27 16 16 0 0 0 0 0 0 1 0 0 0 0 0 16 0 0 0 16 16 0 0 16 16 16 16 16 0 25 23 19 19 19 19 19 19 19 19 19 19 28 16 4 8 8 9 18 14 3 5 9 32 19 21 30 30 29 17 17 17 0 0 32 19 19 19 19 19 
19 19 19 19 19 19 28 16 16 16 16 16 16 17 18 33 33 33 33 33 18 16 16 16 16 16 16 16 32 19 19 28 2 16 0 0 0 16 16 16 16 16 16 0 0 0 0 0 0 0 16 16 16 16 4 9 16 0 16 0 31 30 30 30 30 30 30 30 30 30 30 30 29 4 15 3 3 10 18 14 3 3 10 31 30 29 16 16 16 17 16 16 0 0 32 19 19 19 19 19 
19 19 19 19 19 19 28 16 16 16 16 16 16 17 18 33 33 33 33 33 18 16 16 16 16 16 16 16 32 19 19 24 27 16 0 0 0 0 16 0 16 16 0 16 0 0 0 0 0 0 16 0 0 16 13 11 16 2 16 0 33 33 33 33 33 33 33 33 33 33 33 33 33 14 3 3 3 10 18 14 3 3 5 9 17 17 17 17 17 17 25 27 0 0 32 19 19 19 19 19 
19 19 19 19 19 19 28 16 16 16 16 16 16 17 18 33 33 33 33 33 18 16 16 16 16 16 16 16 32 19 19 20 28 16 0 0 0 16 16 16 16 16 16 16 0 0 0 0 0 0 16 16 16 17 17 16 16 0 16 0 25 26 26 26 26 26 26 26 26 26 26 26 27 13 12 7 3 10 18 14 3 3 6 11 16 16 16 25 26 26 23 28 0 0 32 19 19 19 19 19 
19 19 19 19 19 19 24 26 26 27 16 16 16 17 18 33 33 33 33 33 18 16 16 16 16 16 16 16 32 19 19 19 28 16 0 0 0 0 16 16 2 16 16 16 16 0 0 1 0 0 0 16 16 17 16 16 16 16 16 0 32 19 19 19 19 19 19 19 19 19 19 19 24 27 16 13 12 11 18 13 12 12 11 16 25 26 26 23 19 19 19 28 0 0 32 19 19 19 19 19 
19 19 19 19 19 19 19 19 19 28 16 16 16 17 18 18 18 33 18 18 18 16 16 16 16 16 16 16 32 19 19 19 28 16 0 2 0 16 16 16 16 16 16 16 16 0 0 0 0 0 0 0 0 0 16 16 0 0 0 0 32 19 19 19 19 19 19 19 19 19 19 19 19 24 26 27 16 16 18 16 16 16 25 26 23 19 19 19 19 19 19 28 0 0 32 19 19 19 19 19 
19 19 19 19 19 19 19 19 19 24 27 16 16 17 17 17 3 3 3 16 16 16 16 16 16 16 16 16 31 22 19 19 28 16 0 0 0 0 16 0 16 16 16 0 0 0 0 0 0 0 0 0 0 0 0 0 0 0 0 0 32 19 19 19 19 19 19 19 19 19 19 19 19 19 19 24 26 26 26 26 26 26 23 19 19 19 19 19 19 19 19 28 0 0 32 19 19 19 19 19 
19 19 19 19 19 19 19 19 19 19 24 27 16 16 16 16 3 3 3 16 16 0 16 16 16 16 16 16 16 32 19 19 28 16 0 0 0 0 0 0 0 0 0 0 0 0 0 16 0 0 2 0 0 0 0 0 0 0 0 0 31 22 19 19 19 19 19 19 19 19 19 19 19 19 19 19 19 19 19 19 19 19 19 19 19 19 19 19 19 19 21 29 0 0 32 19 19 19 19 19 
19 19 19 19 19 19 19 19 19 19 19 28 16 16 16 16 3 3 3 16 16 16 16 16 16 16 16 16 16 32 19 19 28 16 0 0 0 0 0 0 16 0 0 0 0 0 16 16 16 16 0 0 0 0 16 16 16 0 0 16 16 32 19 19 19 19 19 19 19 19 19 19 19 19 19 19 19 19 19 19 19 19 19 19 19 19 19 19 19 21 29 16 0 0 32 19 19 19 19 19 
19 19 19 19 19 19 19 19 19 19 19 24 27 16 16 16 16 3 3 3 16 16 16 16 16 16 16 16 16 32 19 19 28 16 16 0 0 16 16 16 16 16 16 16 16 16 16 16 16 16 16 16 16 0 16 16 16 16 0 16 16 31 22 19 19 19 19 19 19 19 19 19 19 19 19 19 19 19 19 19 19 19 19 19 19 19 19 19 19 28 16 17 0 0 32 19 19 19 19 19 
19 19 19 19 19 19 19 19 19 19 19 19 24 27 16 16 16 3 3 3 3 16 16 16 16 16 16 16 16 32 19 19 28 16 16 0 0 16 16 16 16 16 16 16 25 26 26 26 26 27 16 16 0 16 16 16 16 16 0 0 16 16 31 30 30 22 19 19 19 19 19 19 19 19 19 19 19 19 19 19 19 19 19 19 19 19 19 21 30 29 16 17 16 16 32 19 19 19 19 19 
19 19 19 19 19 19 19 19 19 19 19 19 19 28 16 16 16 16 3 3 3 16 16 16 16 16 16 16 16 32 19 19 28 16 16 0 0 16 16 16 2 16 25 26 23 21 30 30 22 24 26 27 16 1 16 16 16 16 16 0 0 16 16 16 16 31 30 30 30 30 30 30 30 30 30 30 30 30 30 30 30 30 30 30 30 30 30 29 16 16 16 17 16 16 32 19 19 19 19 19 
19 19 19 19 19 19 19 19 19 19 19 19 19 28 16 16 16 16 3 3 3 16 16 16 16 16 16 16 16 32 19 19 28 16 16 0 0 16 16 16 16 25 23 21 30 29 16 16 31 30 22 24 27 16 16 16 16 16 16 0 0 16 16 16 16 16 16 16 16 16 16 16 16 16 16 16 16 16 16 16 16 16 16 16 16 16 16 16 16 17 17 17 16 16 32 19 19 19 19 19 
19 19 19 19 19 19 19 19 19 19 19 19 19 28 16 16 16 16 3 3 3 16 16 16 16 16 16 16 16 32 19 19 28 16 16 0 0 16 16 16 25 23 21 29 16 16 16 16 16 16 31 22 24 27 0 16 16 16 16 0 0 0 16 16 16 16 16 16 16 16 16 16 16 16 16 16 16 16 16 16 16 16 16 16 16 16 16 17 17 17 16 16 16 25 23 19 19 19 19 19 
19 19 19 19 19 19 19 19 19 19 19 19 19 28 16 16 0 16 3 3 3 16 16 16 16 16 16 16 16 32 19 19 28 16 16 16 0 0 16 16 31 30 29 16 16 16 16 16 16 16 16 32 19 24 27 16 16 16 16 16 0 0 16 16 16 16 16 16 16 16 16 16 2 16 16 16 16 16 16 16 16 16 16 16 16 16 16 17 16 16 16 16 25 23 19 19 19 19 19 19 
19 19 19 19 19 19 19 19 19 19 19 19 19 28 16 16 16 16 3 3 3 16 16 16 16 16 4 9 16 32 19 19 28 16 16 16 0 0 16 16 16 16 16 16 16 16 25 26 26 26 26 23 19 19 28 16 16 16 16 16 0 0 0 16 16 16 16 16 16 16 16 16 16 16 16 16 16 16 16 16 16 16 16 16 16 16 16 17 16 16 16 16 32 19 19 19 19 19 19 19 
19 19 19 19 19 19 19 19 19 19 19 19 19 28 16 16 16 16 3 3 3 17 17 17 17 17 13 11 16 32 19 19 28 16 16 16 0 0 16 16 16 2 16 25 26 26 23 19 19 19 19 19 19 19 28 16 16 16 16 16 16 0 0 16 16 16 16 16 16 16 16 16 16 16 16 16 16 16 16 16 16 16 16 16 16 16 0 0 16 16 16 16 32 19 19 19 19 19 19 19 
19 19 19 19 19 19 19 19 19 19 19 19 19 28 16 16 16 16 3 3 3 16 16 16 16 16 16 16 16 32 19 19 28 16 16 0 0 0 16 16 16 16 16 32 19 19 19 21 30 30 30 30 30 30 29 0 16 16 16 16 16 16 0 0 16 16 16 16 16 16 16 16 16 16 16 16 16 16 16 16 16 16 16 16 16 0 0 16 16 16 16 16 32 19 19 19 19 19 19 19 
19 19 19 19 19 19 19 19 19 19 19 19 19 28 16 16 16 16 3 3 3 16 16 16 16 16 16 16 16 32 19 19 28 16 16 0 0 16 16 16 16 16 25 23 19 19 19 28 33 33 33 33 33 33 33 0 0 16 16 16 16 16 0 0 16 16 16 16 16 16 19 19 19 16 16 16 16 16 16 16 16 16 16 16 16 0 16 16 16 16 16 16 32 19 19 19 19 19 19 19 
19 19 19 19 19 19 19 19 19 19 19 19 19 28 16 16 16 16 3 3 3 16 16 16 16 0 16 16 16 32 19 19 28 16 16 0 0 16 16 16 16 16 32 19 19 19 19 28 33 25 26 26 26 26 27 0 0 0 16 16 16 16 0 0 16 16 16 16 16 19 19 16 16 16 0 0 0 0 0 16 16 16 16 16 0 0 16 16 16 16 16 16 32 19 19 19 19 19 19 19 
19 19 19 19 19 19 19 19 19 19 19 19 19 28 16 16 16 16 3 3 3 16 16 16 16 16 16 16 16 32 19 19 28 16 2 0 0 16 16 16 16 16 32 19 19 19 21 29 33 31 22 19 19 19 28 16 0 2 16 16 16 16 0 0 16 16 16 16 19 19 16 16 0 0 0 16 16 16 0 0 0 0 0 0 0 0 16 16 16 16 16 16 32 19 19 19 19 19 19 19 
19 19 19 19 19 19 19 19 19 19 19 19 19 28 16 16 16 16 3 3 3 16 16 16 16 16 16 16 16 32 19 19 28 16 0 0 16 16 16 16 16 16 32 19 19 21 29 0 0 0 31 22 19 21 29 16 0 0 16 16 16 16 0 0 16 16 16 16 19 16 16 16 16 16 16 19 19 16 16 16 16 16 16 16 0 0 16 16 16 16 16 16 32 19 19 19 19 19 19 19 
19 19 19 19 19 19 19 19 19 19 19 19 19 28 16 16 16 16 3 3 3 16 16 0 16 16 16 16 16 32 19 19 28 16 0 0 16 16 16 16 16 16 32 19 19 28 0 0 0 0 0 32 19 28 16 16 0 0 16 16 16 16 0 0 16 16 16 16 19 16 16 16 16 19 19 19 16 19 19 19 19 16 1 16 0 0 16 16 16 16 16 25 23 19 19 19 19 19 19 19 
19 19 19 19 19 19 19 19 19 19 19 19 19 28 16 16 16 16 3 3 3 16 16 16 16 16 16 16 16 32 19 19 28 16 16 0 0 16 16 16 16 16 31 22 19 24 27 0 0 0 25 23 21 29 16 0 0 16 16 16 16 16 0 0 16 16 16 19 19 16 16 16 19 19 16 16 16 16 16 16 19 19 16 16 0 0 16 16 16 16 16 32 19 19 19 19 19 19 19 19 
19 19 19 19 19 19 19 19 19 19 19 19 19 28 16 16 16 16 3 3 3 16 16 16 16 16 16 16 16 32 19 19 28 16 16 0 0 0 16 16 16 16 0 31 22 19 24 26 26 26 23 21 29 16 0 0 0 16 16 16 16 0 0 16 16 16 16 19 16 16 16 16 19 16 16 16 16 16 16 16 16 19 16 16 0 0 16 16 16 16 16 32 19 19 19 19 19 19 19 19 
19 19 19 19 19 19 19 19 19 19 19 19 19 28 16 16 0 16 3 3 3 16 16 16 16 16 16 16 16 32 19 19 28 16 16 16 0 0 0 0 0 0 0 0 31 30 22 19 19 21 30 29 16 0 0 0 16 16 16 16 0 0 0 16 16 16 16 19 16 16 16 16 19 16 16 16 16 16 16 16 16 19 16 16 16 0 16 16 16 16 16 32 19 19 19 19 19 19 19 19 
19 19 19 19 19 19 19 19 19 19 19 19 19 28 16 16 16 16 3 3 3 16 16 16 16 16 16 16 16 32 19 19 28 16 16 16 16 16 0 0 0 0 0 0 0 0 31 30 30 29 16 16 16 0 0 16 16 16 16 0 0 0 16 16 16 16 16 19 16 16 16 16 19 16 16 16 16 16 16 16 16 19 16 16 16 0 16 16 16 2 16 32 19 19 19 19 19 19 19 19 
19 19 19 19 19 19 19 19 19 21 30 30 30 29 16 16 16 16 16 33 16 16 16 16 16 16 16 16 16 32 19 19 28 16 16 16 16 16 16 0 0 0 0 0 0 0 0 0 16 0 16 0 0 0 16 16 16 16 0 0 0 16 16 16 16 16 16 19 16 16 16 16 19 19 16 19 19 16 16 16 16 19 16 16 16 0 16 16 16 16 16 32 19 19 19 19 19 19 19 19 
19 19 19 19 19 19 19 19 19 28 16 16 16 16 16 16 3 3 3 3 3 3 3 16 16 16 16 16 16 32 19 19 28 16 16 16 16 16 16 16 16 0 0 16 0 0 0 0 0 0 0 0 0 0 16 16 16 16 0 0 16 16 16 16 16 16 16 19 16 16 16 16 16 19 19 19 16 16 16 16 16 19 16 16 16 0 16 16 16 16 16 32 19 19 19 19 19 19 19 19 
19 19 19 19 19 19 19 19 19 28 16 16 16 16 0 16 3 3 3 3 3 3 3 16 16 16 16 16 16 32 19 19 28 16 16 16 16 16 16 16 16 16 16 16 16 16 16 16 0 0 0 2 0 0 0 16 16 16 0 0 16 16 16 16 16 16 16 19 19 16 16 16 16 16 16 16 16 16 16 16 19 16 16 16 16 0 16 16 16 16 16 32 19 19 19 19 19 19 19 19 
19 19 19 19 19 19 19 19 19 28 16 16 16 16 16 16 3 3 3 3 3 3 3 16 16 16 16 16 16 32 19 19 28 16 16 16 16 16 16 16 16 16 16 16 16 16 16 16 16 16 16 16 16 16 16 16 16 16 0 0 16 16 16 16 16 16 16 16 19 16 16 16 16 16 16 16 16 16 16 19 19 16 16 16 0 0 16 16 16 16 16 32 19 19 19 19 19 19 19 19 
19 19 19 19 19 19 19 19 19 28 16 16 16 16 16 16 3 3 3 3 3 3 3 16 16 0 16 16 16 32 19 19 28 16 16 16 16 16 16 16 1 16 16 16 16 0 16 16 16 16 16 16 16 16 16 16 16 0 0 0 16 16 16 16 2 16 16 16 19 19 19 16 16 16 19 19 19 19 19 19 16 16 16 16 2 0 16 16 16 16 16 32 19 19 19 19 19 19 19 19 
19 19 19 19 19 19 19 21 30 29 16 16 16 16 16 16 3 3 3 3 3 3 3 16 16 16 16 16 25 23 19 19 28 16 16 16 16 2 16 16 18 16 16 16 16 16 16 16 16 16 16 16 16 16 16 16 0 0 0 0 16 16 16 16 16 16 16 16 16 16 16 19 19 19 16 16 16 16 16 16 16 16 16 0 0 16 16 16 16 16 25 23 19 19 19 19 19 19 19 19 
19 19 19 19 19 19 19 28 16 16 16 16 16 16 16 16 16 16 3 3 3 16 16 16 16 16 16 16 32 19 19 19 28 16 16 16 16 16 16 16 18 16 16 16 16 16 16 16 16 16 16 16 16 16 16 0 0 0 2 0 16 16 16 16 16 16 16 16 16 16 16 16 16 16 16 16 16 16 16 0 16 16 0 0 0 16 16 16 16 16 32 19 19 19 19 19 19 19 19 19 
19 19 19 19 19 19 19 28 16 16 16 16 16 16 16 16 16 16 3 3 3 16 16 16 16 16 16 16 32 19 19 19 28 16 16 16 16 16 16 16 18 16 16 16 16 16 2 16 16 16 16 16 16 0 0 0 0 0 0 0 16 16 16 16 16 16 16 16 16 16 16 16 16 0 0 0 0 0 0 0 0 0 0 16 16 16 16 16 16 25 23 19 19 19 19 19 19 19 19 19 
19 19 19 19 19 19 19 28 16 16 16 16 16 16 0 16 16 16 3 3 3 16 16 16 16 16 16 25 23 19 19 19 28 16 16 16 16 16 16 16 18 16 16 16 16 16 16 16 16 16 16 16 0 0 0 0 16 16 16 0 0 0 16 16 16 16 0 0 0 0 2 0 0 0 0 0 0 0 0 16 16 16 16 16 16 16 16 16 25 23 19 19 19 19 19 19 19 19 19 19 
19 19 19 19 19 19 19 28 16 16 16 16 16 16 16 16 16 16 3 3 3 16 16 16 16 16 16 32 20 19 19 19 28 16 16 16 16 16 16 16 18 16 16 16 16 16 16 16 16 16 16 0 0 0 0 16 16 16 16 16 0 0 0 0 0 0 0 0 0 0 0 0 0 16 16 16 16 16 16 16 16 16 16 16 25 26 26 26 23 19 19 19 19 19 19 19 19 19 19 19 
19 19 19 19 19 19 19 28 16 16 16 16 16 16 16 16 16 16 3 3 3 16 16 16 16 16 16 32 19 19 19 21 29 16 16 16 16 16 16 16 18 16 0 16 16 16 16 16 16 16 0 0 0 0 16 16 16 16 16 16 16 0 0 0 0 0 0 0 16 16 16 16 16 16 16 16 16 16 16 16 16 25 26 26 23 19 19 19 19 19 19 19 19 19 19 19 19 19 19 19 
19 19 19 19 19 19 19 28 16 16 16 16 16 16 16 16 16 16 3 3 3 16 16 16 16 16 16 31 30 30 30 29 16 16 16 16 16 16 16 16 18 16 16 16 16 16 16 16 16 0 0 0 0 16 16 16 16 16 16 16 16 16 0 0 0 16 16 16 16 16 16 16 16 16 16 16 16 16 16 25 26 23 19 19 19 19 19 19 19 19 19 19 19 19 19 19 19 19 19 19 
19 19 19 19 19 19 19 28 16 16 16 16 16 16 16 16 0 16 3 3 3 16 0 16 16 16 16 16 16 16 16 16 16 16 16 16 16 16 16 16 18 16 16 16 16 1 16 16 16 0 0 0 16 16 16 2 16 16 16 16 16 16 16 0 16 16 16 16 16 16 16 16 16 16 16 16 16 25 26 23 19 19 19 19 19 19 19 19 19 19 19 19 19 19 19 19 19 19 19 19 
19 19 19 19 19 19 19 28 16 16 16 16 16 16 16 16 16 16 3 3 3 16 16 16 16 16 16 16 16 16 16 16 16 16 16 16 16 2 16 16 18 16 16 16 16 16 0 0 0 0 0 16 16 16 16 16 16 16 16 16 16 16 16 16 16 16 16 16 16 16 16 16 16 16 25 26 26 23 19 19 19 19 19 19 19 19 19 19 19 19 19 19 19 19 19 19 19 19 19 19 
19 19 19 19 19 19 19 28 16 16 16 16 16 16 16 16 16 16 3 3 3 16 16 16 16 16 16 16 16 16 16 16 16 16 16 16 16 16 16 16 18 16 16 16 16 0 0 0 0 0 0 16 16 16 16 16 16 16 16 16 16 16 16 16 16 16 16 16 16 16 16 25 26 26 23 19 19 19 19 19 19 19 19 19 19 19 19 19 19 19 19 19 19 19 19 19 19 19 19 19 
19 19 19 19 19 19 19 28 16 16 16 16 16 16 0 16 16 16 3 3 3 16 16 16 16 16 16 16 16 16 16 16 16 16 16 16 16 16 16 16 18 16 16 16 0 0 0 16 16 16 16 16 16 16 16 16 16 16 16 16 16 16 16 16 16 16 16 16 16 16 25 23 19 19 19 19 19 19 19 19 19 19 19 19 19 19 19 19 19 19 19 19 19 19 19 19 19 19 19 19 
19 19 19 19 19 19 19 28 16 16 16 16 16 16 16 16 16 16 3 3 3 16 2 16 16 16 0 16 16 16 16 16 16 16 16 16 16 16 16 16 18 1 0 0 0 0 16 16 16 16 16 16 16 16 16 16 16 16 16 16 16 16 16 16 16 16 16 25 26 26 23 19 19 19 19 19 19 19 19 19 19 19 19 19 19 19 19 19 19 19 19 19 19 19 19 19 19 19 19 19 
19 19 19 19 19 19 19 28 16 16 16 16 16 16 16 16 16 16 3 3 3 16 16 16 16 16 16 16 16 16 16 16 16 16 16 16 16 16 16 16 18 0 0 0 0 16 16 16 16 16 16 16 16 16 16 16 16 16 16 16 16 16 25 26 26 26 26 23 19 19 19 19 19 19 19 19 19 19 19 19 19 19 19 19 19 19 19 19 19 19 19 19 19 19 19 19 19 19 19 19 
19 19 19 19 19 19 19 28 16 16 16 16 16 16 16 16 16 16 3 3 3 3 3 3 3 3 3 3 3 3 3 3 3 3 3 3 3 3 3 3 18 0 0 16 16 16 16 16 16 16 16 16 16 16 16 16 16 16 25 26 26 26 23 19 19 19 19 19 19 19 19 19 19 19 19 19 19 19 19 19 19 19 19 19 19 19 19 19 19 19 19 19 19 19 19 19 19 19 19 19 
19 19 19 19 19 19 19 28 16 16 16 16 16 16 16 16 16 16 3 3 3 3 3 3 3 3 3 3 3 3 3 3 3 3 3 3 3 3 3 3 33 0 16 16 16 16 16 16 16 16 16 16 16 16 16 16 25 26 23 19 20 20 19 19 19 19 19 19 19 19 19 19 19 19 19 19 19 19 19 19 19 19 19 19 21 30 22 19 19 19 19 19 19 19 19 19 19 19 19 19 
19 19 19 19 19 19 19 28 16 16 16 16 16 17 17 17 17 17 3 3 3 3 3 3 3 3 3 3 3 3 3 3 3 3 3 3 3 3 3 3 18 16 16 16 16 16 16 16 16 16 16 16 16 16 25 26 23 19 19 19 19 19 19 19 19 19 19 19 19 19 19 19 19 19 19 19 19 19 19 19 19 19 19 21 29 0 31 22 19 19 19 19 19 19 19 19 19 19 19 19 
19 19 19 19 19 19 19 28 16 16 16 16 16 17 16 16 16 16 16 16 16 16 16 16 16 16 16 16 16 16 16 16 16 16 16 16 16 16 16 16 18 16 0 16 16 16 16 2 16 16 16 16 16 25 23 20 19 19 19 19 19 19 19 19 19 19 19 19 19 19 19 19 19 19 19 19 19 19 19 19 19 21 30 29 0 0 0 31 30 22 19 19 19 19 19 19 19 19 19 19 
19 19 19 19 19 19 19 28 16 16 16 16 17 17 16 16 16 16 16 16 16 0 16 16 16 16 16 16 16 16 16 16 16 16 16 16 16 16 16 16 18 16 16 16 16 16 16 16 16 16 16 25 26 23 19 19 19 19 19 19 19 19 19 19 19 19 19 19 19 19 19 19 19 19 19 19 19 19 19 19 21 29 0 0 0 0 0 0 0 31 22 19 19 19 19 19 19 19 19 19 
19 19 19 19 19 19 19 28 16 16 16 17 17 16 16 16 16 16 16 16 16 16 16 16 16 16 16 16 16 16 16 16 16 16 16 16 16 16 16 16 18 16 16 16 16 16 16 16 16 16 25 23 19 19 19 19 19 19 19 19 19 19 19 19 19 19 19 19 19 19 19 19 19 19 19 19 19 19 19 21 29 0 0 0 4 8 9 0 0 0 31 22 19 19 19 19 19 19 19 19 
19 19 19 19 19 19 19 28 16 16 16 17 16 16 16 16 16 16 16 16 16 16 16 16 16 16 16 16 16 16 2 16 16 16 16 16 16 16 16 16 18 16 16 16 16 16 16 16 16 16 32 19 19 19 19 19 19 19 19 19 19 19 19 19 19 19 19 19 19 19 19 19 19 19 19 19 19 19 19 28 0 0 0 0 14 3 10 0 0 0 0 32 19 19 19 19 19 19 19 19 
19 19 19 19 19 19 19 28 16 16 16 17 16 16 16 16 16 16 16 16 16 16 16 16 16 16 16 16 16 16 16 16 3 3 3 3 16 16 16 16 18 16 16 16 16 16 16 25 26 26 23 19 19 19 19 19 19 19 19 19 19 19 19 19 19 19 19 19 19 19 19 19 19 19 19 19 19 19 19 24 26 27 0 0 13 12 11 0 0 25 26 23 19 19 19 19 19 19 19 19 
19 19 19 19 19 19 19 24 27 16 16 16 3 3 3 3 3 3 3 3 3 3 3 3 3 3 3 3 3 3 3 3 3 3 3 3 16 16 0 16 18 16 16 16 25 26 26 23 19 19 19 19 19 19 19 19 19 19 19 19 19 19 19 19 19 19 19 19 19 19 19 19 19 19 19 19 19 19 19 19 19 24 27 0 0 0 0 0 25 23 19 19 19 19 19 19 19 19 19 19 
19 19 19 19 19 19 19 19 24 26 27 16 3 3 3 3 3 3 3 3 3 3 3 3 3 3 3 3 3 3 3 3 3 3 3 3 16 16 16 16 18 16 16 25 23 19 19 19 19 19 19 19 19 19 19 19 19 19 19 19 19 19 19 19 19 19 19 19 19 19 19 19 19 19 19 19 19 19 19 19 19 19 24 27 0 0 0 25 23 19 19 19 19 19 19 19 19 19 19 19 
19 19 19 19 19 19 19 19 19 19 24 27 16 16 16 16 16 16 16 16 16 16 16 16 16 16 16 16 16 16 16 16 3 3 3 3 16 16 16 16 18 16 25 23 19 19 19 19 19 19 19 19 19 19 19 19 19 19 19 19 19 19 19 19 19 19 19 19 19 19 19 19 19 19 19 19 19 19 19 19 19 19 19 24 27 0 25 23 19 19 19 19 19 19 19 19 19 19 19 19 
19 19 19 19 19 19 19 19 19 19 19 24 27 16 16 16 16 16 16 16 16 16 16 16 16 16 16 16 0 16 16 16 16 16 16 16 16 16 16 16 25 26 23 19 19 19 19 19 19 19 19 19 19 19 19 19 19 19 19 19 19 19 19 19 19 19 19 19 19 19 19 19 19 19 19 19 19 19 19 19 19 19 19 19 24 26 23 19 19 19 19 19 19 19 19 19 19 19 19 19 
19 19 19 19 19 19 19 19 19 19 19 19 24 26 26 26 26 27 16 16 16 16 16 16 16 16 16 16 16 16 16 16 16 16 16 16 16 16 25 26 23 19 19 19 19 19 19 19 19 19 19 19 19 19 19 19 19 19 19 19 19 19 19 19 19 19 19 19 19 19 19 19 19 19 19 19 19 19 19 19 19 19 19 19 19 19 19 19 19 19 19 19 19 19 19 19 19 19 19 19 
19 19 19 19 19 19 19 19 19 19 19 19 19 19 19 19 19 24 26 26 26 26 26 26 26 26 26 26 26 26 26 26 26 26 26 26 26 26 23 19 19 19 19 19 19 19 19 19 19 19 19 19 19 19 19 19 19 19 19 19 19 19 19 19 19 19 19 19 19 19 19 19 19 19 19 19 19 19 19 19 19 19 19 19 19 19 19 19 19 19 19 19 19 19 19 19 19 19 19 19 
19 19 19 19 19 19 19 19 19 19 19 19 19 19 19 19 19 19 19 19 19 19 19 19 19 19 19 19 19 19 19 19 19 19 19 19 19 19 19 19 19 19 19 19 19 19 19 19 19 19 19 19 19 19 19 19 19 19 19 19 19 19 19 19 19 19 19 19 19 19 19 19 19 19 19 19 19 19 19 19 19 19 19 19 19 19 19 19 19 19 19 19 19 19 19 19 19 19 19 19 
19 19 19 19 19 19 19 19 19 19 19 19 19 19 19 19 19 19 19 19 19 19 19 19 19 19 19 19 19 19 19 19 19 19 19 19 19 19 19 19 19 19 19 19 19 19 19 19 19 19 19 19 19 19 19 19 19 19 19 19 19 19 19 19 19 19 19 19 19 19 19 19 19 19 19 19 19 19 19 19 19 19 19 19 19 19 19 19 19 19 19 19 19 19 19 19 19 19 19 19 
19 19 19 19 19 19 19 19 19 19 19 19 19 19 19 19 19 19 19 19 19 19 19 19 19 19 19 19 19 19 19 19 19 19 19 19 19 19 19 19 19 19 19 19 19 19 19 19 19 19 19 19 19 19 19 19 19 19 19 19 19 19 19 19 19 19 19 19 19 19 19 19 19 19 19 19 19 19 19 19 19 19 19 19 19 19 19 19 19 19 19 19 19 19 19 19 19 19 19 19 
19 19 19 19 19 19 19 19 19 19 19 19 19 19 19 19 19 19 19 19 19 19 19 19 19 19 19 19 19 19 19 19 19 19 19 19 19 19 19 19 19 19 19 19 19 19 19 19 19 19 19 19 19 19 19 19 19 19 19 19 19 19 19 19 19 19 19 19 19 19 19 19 19 19 19 19 19 19 19 19 19 19 19 19 19 19 19 19 19 19 19 19 19 19 19 19 19 19 19 19 
19 19 19 19 19 19 19 19 19 19 19 19 19 19 19 19 19 19 19 19 19 19 19 19 19 19 19 19 19 19 19 19 19 19 19 19 19 19 19 19 19 19 19 19 19 19 19 19 19 19 19 19 19 19 19 19 19 19 19 19 19 19 19 19 19 19 19 19 19 19 19 19 19 19 19 19 19 19 19 19 19 19 19 19 19 19 19 19 19 19 19 19 19 19 19 19 19 19 19 19 
